spatialFilter 2
channelsin 8
0 1 2 14 16 23 24 29 
pcaIn 4
0.623758 0.316453 0.085776 -0.174981 -0.174028 -0.130721 -0.018283 0.651996 
-0.284890 -0.159494 -0.666805 -0.097477 0.017092 0.168103 0.443904 0.462241 
0.649641 -0.671367 -0.259868 0.073460 0.075896 0.074120 -0.013939 -0.207020 
-0.051251 -0.016164 0.026695 0.352281 0.012534 0.737021 -0.497673 0.285067 
mapIn 
1.000000 -1.000000 
1.000000 -1.000000 
1.000000 -1.000000 
1.000000 -1.000000 
channelsout 3
mapOut 
50.661028 28.854220 
25.603867 -17.729814 
34.183946 -2.501210 
pcaOutT 0
meanout 
39.427891 3.352006 16.427953 
