NoChannels:
1
0
Layers:
3
NeuronsPerLayer:
10
10
1

W1:
2500
-0.003393
-0.012913
-0.027006
-0.042775
-0.052828
-0.051694
-0.041908
-0.032151
-0.038126
-0.058109
-0.083900
-0.111905
-0.138800
-0.160147
-0.173260
-0.175121
-0.161342
-0.137100
-0.118653
-0.110423
-0.105997
-0.098971
-0.086233
-0.072649
-0.066208
-0.071290
-0.078242
-0.087685
-0.096616
-0.103109
-0.106403
-0.109872
-0.119985
-0.143281
-0.176634
-0.208199
-0.225437
-0.230389
-0.239761
-0.256996
-0.272489
-0.280356
-0.282594
-0.284586
-0.282879
-0.270220
-0.250046
-0.230459
-0.209061
-0.190157
-0.181531
-0.175441
-0.163298
-0.153783
-0.148905
-0.139021
-0.121984
-0.106992
-0.097774
-0.086602
-0.067793
-0.045130
-0.018254
0.013113
0.039606
0.059293
0.081702
0.104878
0.122895
0.131215
0.123827
0.102564
0.079976
0.063801
0.056836
0.059454
0.066866
0.073823
0.078317
0.081950
0.080703
0.076359
0.076739
0.079727
0.086265
0.100289
0.118354
0.131811
0.135759
0.126798
0.101721
0.063795
0.026417
0.000440
-0.011859
-0.014999
-0.006731
0.010142
0.015470
-0.004288
-0.040974
-0.075939
-0.098246
-0.102042
-0.094237
-0.091685
-0.101829
-0.120642
-0.140009
-0.153575
-0.161234
-0.164498
-0.159284
-0.148680
-0.138044
-0.127014
-0.110348
-0.093352
-0.083997
-0.080530
-0.079533
-0.082861
-0.086082
-0.086355
-0.088654
-0.090296
-0.088951
-0.088895
-0.097875
-0.119987
-0.144353
-0.160912
-0.171113
-0.180272
-0.181527
-0.174344
-0.168823
-0.166378
-0.156735
-0.142407
-0.136443
-0.139608
-0.144227
-0.136892
-0.114930
-0.087956
-0.060343
-0.036070
-0.019186
-0.010818
-0.018166
-0.030925
-0.037982
-0.036115
-0.025436
-0.005988
0.015227
0.023823
0.016023
0.000420
-0.013418
-0.024748
-0.035962
-0.044434
-0.054198
-0.067051
-0.073718
-0.069364
-0.055987
-0.034103
-0.008811
0.015170
0.039061
0.067826
0.095983
0.118056
0.140065
0.165702
0.183640
0.183138
0.169755
0.153251
0.136684
0.119210
0.098390
0.075903
0.061723
0.055147
0.045906
0.033644
0.019062
0.005678
-0.003029
-0.007478
-0.004865
0.009658
0.024824
0.035041
0.041902
0.044775
0.042338
0.034587
0.024785
0.014790
0.010439
0.016155
0.026572
0.033115
0.026332
0.003393
-0.030704
-0.068653
-0.098481
-0.115407
-0.119683
-0.111362
-0.096329
-0.077413
-0.064246
-0.060955
-0.059185
-0.052172
-0.040531
-0.027647
-0.018777
-0.012272
-0.004990
-0.000545
-0.002868
-0.012801
-0.031970
-0.056915
-0.078532
-0.094743
-0.101267
-0.093331
-0.077387
-0.059374
-0.043814
-0.029616
-0.019937
-0.013023
0.006302
0.039178
0.078891
0.128123
0.178700
0.215146
0.232879
0.237594
-0.244950
-0.080109
0.091820
0.236249
0.305888
0.300909
0.280751
0.269991
0.255823
0.234383
0.228099
0.247142
0.268087
0.268387
0.238962
0.201655
0.183462
0.167686
0.122425
0.061823
0.019694
0.009900
-0.004804
-0.046894
-0.092935
-0.113344
-0.122329
-0.146134
-0.174391
-0.191602
-0.202509
-0.197608
-0.176148
-0.158744
-0.168867
-0.207692
-0.247691
-0.268957
-0.280807
-0.282130
-0.250838
-0.196256
-0.143700
-0.102431
-0.073583
-0.063633
-0.075194
-0.104389
-0.143714
-0.156443
-0.117561
-0.045314
0.027347
0.086447
0.127562
0.139468
0.121122
0.083424
0.051652
0.045765
0.057987
0.064815
0.077901
0.115243
0.145183
0.128567
0.050044
-0.034283
-0.083030
-0.106005
-0.117496
-0.124923
-0.130240
-0.150522
-0.180994
-0.201992
-0.220430
-0.244688
-0.257301
-0.245352
-0.223708
-0.202164
-0.193930
-0.202690
-0.210378
-0.210934
-0.210491
-0.212652
-0.218273
-0.225342
-0.245860
-0.266416
-0.255474
-0.206705
-0.137872
-0.083618
-0.052618
-0.034401
-0.042162
-0.079359
-0.105635
-0.087089
-0.049792
-0.028289
-0.025391
-0.040039
-0.062284
-0.081626
-0.102329
-0.110576
-0.092060
-0.043434
0.019206
0.069299
0.081867
0.076164
0.085560
0.099535
0.102901
0.108804
0.134105
0.184466
0.237026
0.247195
0.191260
0.101222
0.024438
-0.026692
-0.061186
-0.102518
-0.160362
-0.206905
-0.234737
-0.250848
-0.236052
-0.189835
-0.156104
-0.148825
-0.107340
0.003232
0.150366
0.278018
0.354731
0.381651
0.369655
0.341945
0.296484
0.233105
0.165898
0.111603
0.079834
0.047252
-0.009118
-0.095918
-0.191670
-0.257446
-0.282140
-0.315250
-0.375897
-0.431011
-0.441785
-0.414053
-0.380952
-0.363050
-0.366529
-0.389661
-0.416910
-0.440508
-0.451988
-0.421902
-0.352301
-0.282722
-0.253058
-0.254273
-0.275335
-0.319363
-0.360800
-0.379978
-0.379439
-0.367036
-0.348697
-0.342804
-0.371632
-0.426625
-0.464364
-0.465535
-0.445837
-0.417505
-0.387090
-0.341960
-0.273907
-0.204870
-0.158210
-0.144988
-0.162798
-0.196923
-0.221706
-0.220753
-0.194049
-0.157550
-0.122266
-0.083247
-0.043811
-0.016909
-0.003345
0.018926
0.041390
0.036280
-0.002809
-0.067947
-0.133476
-0.189668
-0.216674
-0.219843
-0.229357
-0.248400
-0.267125
-0.274902
-0.268465
-0.241546
-0.200579
-0.184244
-0.190275
-0.186191
-0.174324
-0.176916
-0.192290
-0.175879
-0.116164
-0.034201
0.077759
0.183909
0.204691
0.168370
0.137533
0.078720
-0.005570
-0.071608
-0.111510
-0.137753
-0.147922
-0.128144
-0.062100
0.028886
0.109314
0.179528
0.243560
0.299928
0.354264
0.412089
0.077981
0.057049
0.036183
0.021422
0.015897
0.014564
0.005277
-0.011170
-0.029856
-0.046693
-0.060302
-0.071160
-0.077089
-0.076281
-0.069506
-0.062270
-0.062968
-0.069717
-0.074138
-0.080441
-0.091247
-0.105502
-0.119636
-0.129533
-0.135103
-0.140297
-0.137356
-0.130557
-0.124620
-0.124407
-0.127585
-0.128606
-0.123588
-0.112046
-0.095822
-0.079650
-0.070446
-0.071238
-0.074948
-0.078394
-0.085442
-0.093974
-0.100449
-0.105210
-0.110999
-0.115435
-0.114399
-0.111276
-0.109401
-0.113634
-0.121896
-0.127658
-0.122916
-0.105552
-0.082204
-0.059879
-0.042934
-0.028556
-0.013926
-0.000201
0.009158
0.016214
0.023310
0.027555
0.031713
0.038258
0.050956
0.063511
0.070504
0.070853
0.066340
0.059486
0.054628
0.054647
0.051571
0.039761
0.023600
0.006590
-0.013359
-0.037356
-0.057641
-0.071303
-0.084677
-0.095923
-0.098420
-0.100899
-0.107026
-0.115158
-0.124607
-0.133339
-0.134188
-0.129939
-0.125254
-0.126240
-0.134163
-0.140536
-0.142339
-0.143444
-0.142763
-0.137656
-0.130502
-0.125616
-0.122641
-0.119984
-0.113804
-0.101645
-0.088570
-0.080989
-0.082685
-0.089718
-0.089381
-0.081603
-0.070752
-0.059013
-0.047913
-0.037428
-0.027344
-0.016946
-0.006029
0.001341
0.001845
-0.001005
0.000084
0.009818
0.030676
0.056714
0.079178
0.095809
0.106817
0.111928
0.112218
0.109794
0.111145
0.113729
0.112270
0.108051
0.106513
0.108610
0.105275
0.089781
0.067776
0.049540
0.039002
0.030776
0.018881
0.006304
-0.006487
-0.019750
-0.034918
-0.049620
-0.058784
-0.057485
-0.056311
-0.055552
-0.055218
-0.059474
-0.067625
-0.071682
-0.068521
-0.062087
-0.056895
-0.052139
-0.045142
-0.039520
-0.034165
-0.024938
-0.019423
-0.022244
-0.031696
-0.047359
-0.059493
-0.059109
-0.052098
-0.043631
-0.031703
-0.014418
-0.000304
0.004616
0.003813
0.002617
0.002525
0.005302
0.014184
0.029855
0.048831
0.064573
0.071357
0.072336
0.073626
0.072039
0.066529
0.062700
0.056266
0.051667
0.051646
0.050303
0.045310
0.034204
0.016395
-0.001317
-0.013420
-0.022324
-0.031019
-0.037226
-0.038659
-0.042775
-0.053514
-0.065237
-0.070861
-0.062314
-0.044859
-0.023673
-0.006340
0.006453
0.019605
0.029709
0.035419
0.042040
0.048032
0.052455
0.053710
0.054194
0.055562
0.056852
0.058635
0.060582
0.066396
0.076718
0.087342
0.097700
0.109163
0.125340
0.148957
0.173458
0.186468
0.195760
0.206101
0.216486
0.225536
0.230396
0.231830
0.231282
0.223241
0.209846
0.196022
0.177513
0.153163
0.129526
0.109912
0.089824
0.241145
0.182914
0.122307
0.074453
0.055630
0.056628
0.054379
0.044612
0.037529
0.035001
0.028469
0.012722
-0.002858
-0.007921
0.000754
0.011655
0.006118
-0.010745
-0.023025
-0.035290
-0.057308
-0.085647
-0.101891
-0.100278
-0.091330
-0.083884
-0.072896
-0.055453
-0.040295
-0.036802
-0.046083
-0.065001
-0.081161
-0.078387
-0.050313
-0.006230
0.031428
0.049722
0.060166
0.063471
0.049009
0.022039
-0.006513
-0.027998
-0.040097
-0.039749
-0.024121
0.002599
0.029395
0.038265
0.023712
-0.005516
-0.034222
-0.049635
-0.049651
-0.038996
-0.024093
-0.005378
0.011175
0.017103
0.008378
-0.007705
-0.028261
-0.054539
-0.071915
-0.066994
-0.039907
-0.013238
-0.001372
-0.002499
-0.008738
-0.016823
-0.024081
-0.022267
-0.017097
-0.015678
-0.011844
-0.002381
0.002059
-0.005316
-0.014677
-0.020963
-0.025274
-0.023093
-0.015453
-0.011985
-0.014777
-0.017216
-0.015778
-0.012513
-0.002785
0.007754
0.005892
-0.013242
-0.041544
-0.058001
-0.054492
-0.038723
-0.017250
0.010564
0.035695
0.040827
0.029186
0.011923
0.001419
0.005386
0.015884
0.024816
0.029829
0.026856
0.015937
-0.002322
-0.026470
-0.045434
-0.048090
-0.040183
-0.035891
-0.033845
-0.030452
-0.035605
-0.056224
-0.089157
-0.121926
-0.134072
-0.110206
-0.064004
-0.018756
0.017706
0.044427
0.062237
0.069353
0.064375
0.056324
0.051396
0.040831
0.028446
0.027570
0.037426
0.034326
0.000102
-0.052390
-0.094759
-0.116437
-0.124930
-0.119576
-0.106393
-0.088381
-0.064865
-0.040577
-0.021621
-0.011124
-0.005736
-0.000898
0.009416
0.023473
0.027598
0.022146
0.030949
0.056489
0.079077
0.083815
0.072168
0.059001
0.050856
0.049325
0.059958
0.072139
0.073950
0.060880
0.028231
-0.011239
-0.040822
-0.054933
-0.059786
-0.054196
-0.033370
-0.010519
0.000013
-0.001210
-0.010005
-0.027948
-0.042930
-0.038814
-0.016860
0.008738
0.027968
0.036853
0.038163
0.037795
0.026084
-0.001759
-0.035145
-0.064472
-0.079399
-0.070938
-0.044109
-0.017418
-0.003342
-0.004159
-0.010549
-0.014190
-0.016663
-0.019664
-0.018620
-0.010757
-0.013653
-0.031093
-0.045361
-0.046273
-0.030039
-0.000530
0.033080
0.050918
0.053005
0.058844
0.069291
0.080139
0.090899
0.094065
0.078598
0.044212
0.010652
-0.012816
-0.030258
-0.041292
-0.043057
-0.035796
-0.033933
-0.047400
-0.072622
-0.111058
-0.147400
-0.149070
-0.125493
-0.099468
-0.063776
-0.019316
0.021461
0.055400
0.080648
0.094311
0.090911
0.064204
0.024954
-0.012188
-0.049767
-0.089941
-0.126586
-0.159297
-0.195287
0.161176
0.128023
0.090911
0.061788
0.049768
0.045201
0.037432
0.025184
0.018435
0.016674
0.011423
-0.000381
-0.011787
-0.016564
-0.012155
-0.002913
-0.001902
-0.008388
-0.013270
-0.018325
-0.034136
-0.059346
-0.079711
-0.086073
-0.081949
-0.073914
-0.064064
-0.048265
-0.034562
-0.031582
-0.039061
-0.051396
-0.058255
-0.052123
-0.032959
-0.006751
0.014636
0.023385
0.026652
0.025757
0.013346
-0.006845
-0.028060
-0.046406
-0.062557
-0.076851
-0.086413
-0.089505
-0.091867
-0.104209
-0.127111
-0.150834
-0.162115
-0.156351
-0.139045
-0.115699
-0.091643
-0.066329
-0.042214
-0.024482
-0.017290
-0.016937
-0.022184
-0.035108
-0.042802
-0.033313
-0.011004
0.012707
0.028785
0.035678
0.035577
0.026509
0.012529
0.004333
-0.001369
-0.006589
-0.005634
-0.001749
-0.003951
-0.015066
-0.026620
-0.034881
-0.043546
-0.048533
-0.046952
-0.044198
-0.045297
-0.047173
-0.048140
-0.049164
-0.043931
-0.036744
-0.040559
-0.057418
-0.082058
-0.099365
-0.100681
-0.090155
-0.074440
-0.054272
-0.035183
-0.030349
-0.041498
-0.061655
-0.075511
-0.073063
-0.063984
-0.060028
-0.065556
-0.075413
-0.085337
-0.095387
-0.109698
-0.122909
-0.129310
-0.130043
-0.129199
-0.126458
-0.121744
-0.122152
-0.133077
-0.153697
-0.176820
-0.187173
-0.170820
-0.134121
-0.092690
-0.055878
-0.028090
-0.014241
-0.018804
-0.033551
-0.047618
-0.054007
-0.057961
-0.057383
-0.045016
-0.023570
-0.009982
-0.018321
-0.042884
-0.066213
-0.079430
-0.087945
-0.087260
-0.079628
-0.066554
-0.048881
-0.031433
-0.016085
-0.002564
0.003553
0.004377
0.005216
0.008728
0.009585
0.009213
0.018789
0.038876
0.057764
0.065280
0.062443
0.059926
0.060678
0.065369
0.079224
0.092738
0.097630
0.094169
0.079792
0.062088
0.050188
0.044930
0.041126
0.043638
0.057666
0.073013
0.077768
0.072168
0.058359
0.034521
0.009544
-0.003569
-0.002243
0.007964
0.020603
0.029461
0.033389
0.034820
0.028026
0.009714
-0.017455
-0.045499
-0.064658
-0.064784
-0.048321
-0.028894
-0.017014
-0.015477
-0.015935
-0.013441
-0.013549
-0.019293
-0.022394
-0.015465
-0.012104
-0.019204
-0.024753
-0.018463
0.001602
0.032948
0.068308
0.092987
0.105373
0.119433
0.134564
0.148814
0.159807
0.162150
0.150949
0.125502
0.096734
0.071626
0.049634
0.031549
0.019192
0.015527
0.015158
0.009762
-0.001579
-0.020944
-0.041422
-0.044982
-0.037479
-0.031848
-0.020777
0.002751
0.031513
0.061955
0.086048
0.097464
0.095590
0.077335
0.049434
0.022909
-0.002407
-0.026901
-0.047777
-0.063186
-0.079119
-0.102794
-0.091466
-0.079755
-0.067928
-0.054261
-0.036254
-0.020753
-0.005378
0.010537
0.027715
0.043743
0.057144
0.069295
0.080807
0.091080
0.098625
0.102397
0.104724
0.111069
0.112911
0.109504
0.100358
0.086991
0.073090
0.061499
0.053713
0.057938
0.066381
0.075192
0.082430
0.087563
0.090239
0.092946
0.099140
0.108915
0.119210
0.126289
0.130135
0.135008
0.141502
0.146266
0.147066
0.144224
0.140017
0.134524
0.130535
0.132249
0.135874
0.139730
0.142550
0.145043
0.146432
0.145963
0.146448
0.148154
0.148855
0.148824
0.150571
0.153754
0.155281
0.153444
0.149395
0.142354
0.131620
0.119285
0.106938
0.101918
0.099033
0.095221
0.089784
0.082426
0.076038
0.069686
0.062276
0.052259
0.039325
0.026528
0.016104
0.006411
-0.004841
-0.015258
-0.025274
-0.037431
-0.049772
-0.056489
-0.063313
-0.070601
-0.075860
-0.078032
-0.076775
-0.071710
-0.064824
-0.054542
-0.046220
-0.041996
-0.039452
-0.037869
-0.037162
-0.032339
-0.019925
-0.003993
0.008787
0.015942
0.017586
0.016292
0.017013
0.022105
0.030416
0.039408
0.045095
0.052543
0.057193
0.057220
0.054363
0.051634
0.049604
0.047016
0.046792
0.051176
0.056935
0.061457
0.064992
0.070057
0.077689
0.087875
0.099358
0.110968
0.123060
0.136734
0.154360
0.175255
0.192006
0.206024
0.213959
0.215668
0.213177
0.211146
0.212087
0.211981
0.209362
0.207365
0.207483
0.207866
0.203856
0.186248
0.164177
0.142772
0.123349
0.106395
0.092097
0.082131
0.081632
0.078673
0.072111
0.062986
0.051177
0.038773
0.031581
0.031116
0.033230
0.033243
0.030348
0.025870
0.019663
0.013670
0.010113
0.006547
0.001057
-0.006682
-0.018330
-0.028502
-0.031435
-0.033517
-0.037934
-0.042788
-0.045387
-0.047776
-0.051315
-0.052709
-0.049400
-0.043464
-0.036715
-0.029526
-0.021736
-0.013879
-0.006961
-0.002119
0.002822
0.010958
0.018473
0.022287
0.030359
0.037016
0.040162
0.038408
0.030012
0.021971
0.016208
0.011107
0.007370
0.004644
0.000805
-0.004810
-0.010968
-0.018299
-0.028115
-0.038152
-0.045077
-0.046628
-0.036247
-0.020390
-0.004286
0.006925
0.012035
0.012741
0.009207
0.004537
0.006862
0.014524
0.023557
0.030150
0.034327
0.036055
0.034814
0.032550
0.030882
0.030728
0.032067
0.035154
0.039657
0.043860
0.048060
0.053443
0.057878
0.055622
0.053170
0.049943
0.047101
0.045297
0.043482
0.041511
0.038034
0.027854
0.012200
-0.005375
-0.026124
-0.047161
-0.060335
-0.063825
-0.063354
0.121778
0.172356
0.223390
0.260733
0.260673
0.215789
0.166295
0.125006
0.096644
0.078172
0.072766
0.079134
0.083495
0.074466
0.048260
0.018482
0.000996
-0.011577
-0.034020
-0.043777
-0.034733
-0.009722
0.010147
0.013738
0.012800
0.019234
0.005446
-0.017971
-0.041798
-0.056969
-0.064335
-0.064225
-0.062461
-0.070414
-0.094855
-0.130283
-0.161826
-0.179403
-0.189170
-0.191761
-0.177861
-0.153425
-0.130542
-0.115043
-0.105932
-0.114915
-0.147518
-0.185810
-0.222255
-0.239401
-0.231492
-0.210759
-0.192248
-0.182166
-0.179082
-0.185205
-0.201862
-0.226999
-0.251430
-0.266077
-0.271108
-0.274696
-0.272386
-0.257267
-0.241252
-0.240081
-0.275707
-0.315918
-0.336373
-0.335464
-0.317508
-0.296621
-0.280974
-0.277810
-0.280639
-0.278192
-0.273356
-0.270665
-0.260946
-0.237130
-0.206905
-0.175570
-0.148742
-0.129255
-0.120367
-0.110447
-0.100453
-0.093329
-0.089096
-0.085629
-0.085528
-0.081807
-0.073539
-0.053785
-0.027979
-0.013395
-0.014207
-0.022283
-0.037289
-0.061054
-0.078484
-0.073880
-0.059321
-0.049424
-0.046057
-0.051320
-0.060767
-0.069382
-0.076191
-0.070118
-0.057727
-0.030574
0.004147
0.031118
0.038226
0.034002
0.033943
0.035397
0.036849
0.047895
0.072034
0.106582
0.133760
0.133285
0.100100
0.051202
0.009369
-0.020803
-0.044527
-0.074089
-0.114890
-0.144275
-0.165511
-0.175154
-0.166545
-0.144567
-0.131127
-0.133445
-0.122087
-0.077161
-0.011692
0.046225
0.081363
0.097793
0.112292
0.121575
0.120461
0.111441
0.102672
0.098922
0.101730
0.085797
0.065109
0.037236
0.008655
-0.006895
-0.008183
-0.017874
-0.041239
-0.061581
-0.062576
-0.047677
-0.031313
-0.019546
-0.016584
-0.024978
-0.032868
-0.032076
-0.020592
0.010994
0.050484
0.074946
0.082773
0.079449
0.067729
0.041596
0.013079
-0.003470
-0.008753
-0.005818
0.003661
0.006659
-0.010740
-0.046218
-0.079476
-0.099622
-0.108632
-0.109963
-0.109030
-0.096058
-0.064556
-0.042966
-0.033223
-0.038613
-0.056227
-0.075015
-0.092233
-0.100966
-0.095274
-0.083587
-0.069731
-0.049084
-0.025297
-0.006213
0.007190
0.025503
0.046560
0.059151
0.058936
0.034236
0.004645
-0.019708
-0.027989
-0.024237
-0.024856
-0.029798
-0.034561
-0.045672
-0.053751
-0.051765
-0.040029
-0.033153
-0.031202
-0.023672
-0.013481
-0.010743
-0.018227
-0.017699
-0.000758
0.026242
0.067486
0.107275
0.109892
0.086424
0.067366
0.030195
-0.016159
-0.052776
-0.076031
-0.089752
-0.093354
-0.082995
-0.050160
-0.004686
0.037829
0.079993
0.124023
0.159377
0.184623
0.211017
0.244820
0.101028
-0.053859
-0.175905
-0.221851
-0.198104
-0.163916
-0.138417
-0.116718
-0.103877
-0.114229
-0.146750
-0.173421
-0.166323
-0.112075
-0.040205
0.000544
0.013105
0.028445
0.030034
0.001815
-0.050177
-0.087633
-0.087824
-0.061700
-0.028544
0.026041
0.095547
0.151463
0.173075
0.167015
0.141792
0.117986
0.123510
0.172438
0.252846
0.324408
0.358168
0.369678
0.357888
0.300231
0.213221
0.126180
0.056702
0.013081
0.005275
0.026914
0.053914
0.066431
0.032456
-0.049641
-0.147438
-0.223605
-0.260958
-0.262282
-0.233371
-0.186149
-0.125325
-0.066139
-0.031958
-0.032569
-0.052955
-0.083015
-0.119435
-0.131353
-0.095192
-0.006912
0.083246
0.137193
0.150954
0.135603
0.105310
0.079548
0.079496
0.093018
0.108113
0.132500
0.162036
0.174981
0.158804
0.132794
0.111412
0.092925
0.082533
0.092502
0.110247
0.122682
0.130715
0.136401
0.135157
0.142518
0.154670
0.148062
0.109783
0.055492
0.025510
0.030761
0.052614
0.084395
0.125199
0.151087
0.133083
0.084959
0.039778
0.025699
0.051657
0.094936
0.130320
0.142873
0.126572
0.100185
0.064016
0.018221
-0.020442
-0.023565
0.007531
0.045844
0.084123
0.116199
0.118117
0.081753
0.020731
-0.036674
-0.050764
0.006438
0.108337
0.205485
0.278909
0.329295
0.358744
0.365213
0.347586
0.323665
0.297073
0.258716
0.220115
0.208481
0.223117
0.210184
0.125068
-0.013020
-0.144846
-0.241041
-0.307469
-0.339328
-0.339863
-0.314241
-0.271398
-0.229881
-0.203218
-0.196876
-0.189978
-0.184232
-0.163176
-0.124084
-0.095664
-0.085550
-0.053803
0.003978
0.052220
0.058836
0.031929
0.005560
-0.008719
0.000901
0.046521
0.098956
0.131270
0.130205
0.075760
-0.006788
-0.071178
-0.106222
-0.122074
-0.108309
-0.051456
0.016111
0.061745
0.079330
0.070506
0.034664
-0.001687
-0.002108
0.037534
0.092699
0.141738
0.176284
0.200368
0.216306
0.197209
0.133339
0.056518
-0.013267
-0.051106
-0.044496
-0.007584
0.033033
0.054204
0.041933
0.006532
-0.035673
-0.087165
-0.143885
-0.185634
-0.200805
-0.218304
-0.249713
-0.270972
-0.267631
-0.231510
-0.183217
-0.133037
-0.104895
-0.094766
-0.067599
-0.025593
0.020016
0.070421
0.107703
0.111385
0.073985
0.026435
-0.013548
-0.051481
-0.076508
-0.072853
-0.035144
0.003265
0.011317
-0.010703
-0.070235
-0.136546
-0.143775
-0.109815
-0.077540
-0.010361
0.090232
0.184528
0.254434
0.291718
0.295412
0.267267
0.196412
0.103746
0.025009
-0.042536
-0.106598
-0.160655
-0.216234
-0.293956
-0.070737
0.018539
0.111985
0.179918
0.200520
0.188691
0.180360
0.184548
0.183125
0.173547
0.170094
0.181602
0.189900
0.172326
0.124344
0.066555
0.025368
-0.003407
-0.037657
-0.064136
-0.056209
-0.012165
0.032697
0.046108
0.026721
-0.004222
-0.042881
-0.098062
-0.142450
-0.154100
-0.139616
-0.107915
-0.076875
-0.061788
-0.067090
-0.089639
-0.110330
-0.109512
-0.103528
-0.099158
-0.071949
-0.020673
0.038948
0.090166
0.123071
0.136135
0.133338
0.124518
0.125679
0.159334
0.221829
0.284708
0.317923
0.315286
0.299577
0.279640
0.249398
0.200667
0.146283
0.107515
0.094648
0.098456
0.113291
0.140951
0.156324
0.139504
0.084571
0.013543
-0.046424
-0.091334
-0.113958
-0.105562
-0.087998
-0.082304
-0.074713
-0.059099
-0.050996
-0.046143
-0.025157
0.019495
0.070166
0.118474
0.172034
0.217573
0.238324
0.240504
0.233715
0.222579
0.207671
0.181225
0.130000
0.074809
0.045720
0.052181
0.087895
0.113934
0.108269
0.089062
0.056174
0.000689
-0.052033
-0.070536
-0.062557
-0.048638
-0.051315
-0.090349
-0.148211
-0.194714
-0.221424
-0.231787
-0.230823
-0.210646
-0.169442
-0.124822
-0.098204
-0.093779
-0.101421
-0.122322
-0.146671
-0.156259
-0.143096
-0.110110
-0.071806
-0.051531
-0.076502
-0.134194
-0.201619
-0.268626
-0.330359
-0.380319
-0.403193
-0.402994
-0.390932
-0.373327
-0.338464
-0.295269
-0.279031
-0.295302
-0.297113
-0.248052
-0.163437
-0.080061
-0.009845
0.060472
0.124805
0.173998
0.194158
0.191393
0.189527
0.189271
0.181835
0.174768
0.181132
0.188988
0.185727
0.184655
0.187685
0.165590
0.115894
0.069263
0.053672
0.059173
0.063293
0.067810
0.063369
0.031834
-0.008635
-0.037116
-0.045348
-0.017237
0.035421
0.081171
0.110726
0.135076
0.140909
0.111526
0.075599
0.061538
0.063933
0.075899
0.103354
0.135939
0.148877
0.136073
0.114218
0.092871
0.078556
0.066109
0.043194
0.031845
0.051664
0.099056
0.160085
0.207782
0.226995
0.222536
0.208375
0.204915
0.227059
0.266752
0.313999
0.368869
0.420284
0.448763
0.451283
0.451908
0.458189
0.457090
0.435945
0.385826
0.327560
0.271648
0.230876
0.204087
0.170209
0.130705
0.090061
0.049582
0.014978
-0.005480
-0.002513
0.007074
0.018527
0.044600
0.073256
0.080264
0.052758
0.010142
-0.022469
-0.038785
-0.033187
-0.025082
-0.047055
-0.073159
-0.072502
-0.082681
-0.121872
-0.170436
-0.214845
-0.237935
-0.232594
-0.204955
-0.142537
-0.053000
0.030560
0.108103
0.179580
0.234862
0.284103
0.348140
-0.217714
-0.214830
-0.213616
-0.214975
-0.221902
-0.233873
-0.236474
-0.230207
-0.222110
-0.220345
-0.218677
-0.208896
-0.191615
-0.173423
-0.157620
-0.141026
-0.121937
-0.106221
-0.100624
-0.089778
-0.070261
-0.042932
-0.013299
0.017135
0.047050
0.071994
0.074998
0.068748
0.056903
0.046688
0.044343
0.050414
0.055033
0.046833
0.028695
0.006741
-0.017838
-0.043948
-0.074298
-0.108261
-0.137874
-0.155717
-0.160523
-0.160128
-0.158976
-0.169312
-0.200967
-0.240591
-0.279939
-0.311800
-0.333414
-0.345426
-0.350663
-0.352292
-0.348467
-0.339759
-0.332271
-0.330582
-0.331000
-0.329758
-0.326913
-0.323445
-0.312526
-0.287295
-0.252360
-0.217959
-0.204941
-0.204245
-0.202396
-0.195932
-0.183827
-0.166160
-0.144052
-0.126185
-0.112269
-0.097560
-0.086229
-0.078682
-0.068717
-0.056355
-0.043832
-0.024496
0.000949
0.024229
0.038696
0.052340
0.060650
0.058804
0.051752
0.045390
0.042614
0.047851
0.057164
0.073219
0.094005
0.111023
0.118836
0.119667
0.112900
0.094630
0.073555
0.061294
0.055368
0.052816
0.053656
0.054268
0.052085
0.047612
0.042781
0.040853
0.035345
0.037270
0.048826
0.060504
0.069193
0.078971
0.088748
0.088297
0.078890
0.073338
0.074977
0.083920
0.095371
0.104870
0.110991
0.114191
0.113680
0.104361
0.083852
0.047921
0.002945
-0.026337
-0.043651
-0.051765
-0.045948
-0.029598
-0.018194
-0.016613
-0.016661
-0.018352
-0.023715
-0.031155
-0.040440
-0.046163
-0.035972
-0.018686
-0.005506
-0.002335
-0.006144
-0.011333
-0.014676
-0.023498
-0.022685
-0.015430
-0.002638
0.014034
0.027086
0.028324
0.020027
0.013570
0.016679
0.027332
0.042016
0.059513
0.079398
0.096716
0.112369
0.130646
0.149619
0.169790
0.187276
0.196922
0.205467
0.216658
0.229257
0.234488
0.233483
0.232785
0.226444
0.214241
0.201149
0.184562
0.164261
0.141800
0.123141
0.108668
0.094466
0.075874
0.049289
0.020745
-0.005261
-0.037571
-0.064997
-0.083449
-0.090930
-0.086354
-0.082915
-0.082490
-0.081889
-0.084614
-0.084010
-0.075578
-0.062919
-0.048135
-0.031775
-0.012006
0.004591
0.010653
0.008210
-0.012217
-0.040051
-0.061596
-0.070196
-0.068666
-0.061915
-0.052482
-0.048509
-0.060523
-0.081157
-0.102466
-0.118919
-0.127671
-0.123091
-0.105297
-0.081950
-0.063594
-0.055413
-0.053136
-0.051921
-0.047955
-0.044835
-0.042037
-0.037348
-0.030168
-0.014482
-0.000321
0.012816
0.017312
0.012633
0.006020
0.003359
0.010870
0.034681
0.066003
0.097179
0.133970
0.170573
0.187946
0.182358
0.164871

b1:
10
-0.285507
0.552893
-0.373004
-0.110305
0.206595
-0.547734
1.418448
-0.906135
0.075209
0.846795

TransferFcn1:
1

W2:
100
-0.024056
-0.001387
0.004769
-0.039015
-0.048843
-0.054253
0.022658
0.010566
-0.003052
0.008699
-0.026515
0.025334
-0.004797
-0.018149
-0.038362
-0.094587
0.031041
-0.004710
0.011097
0.005622
0.010696
0.074353
0.001797
0.016350
0.004024
-0.043035
0.004389
-0.031169
0.001441
-0.082894
0.085340
0.389359
-0.113806
0.124756
0.215131
-0.353774
0.494738
-0.407080
0.147088
0.079309
0.008723
0.044103
-0.006417
0.000748
0.023427
-0.064771
0.064527
-0.070795
0.015998
0.002778
-0.011309
-0.036036
0.015347
-0.057235
-0.031032
-0.008502
0.022779
0.001421
-0.008858
0.033524
0.567758
1.800391
-0.620380
0.201561
0.802948
-0.817933
1.481560
-0.907415
1.125259
0.782003
-0.024337
-0.104384
0.028910
-0.032060
-0.052054
0.114532
-0.177438
0.152901
-0.033435
-0.014312
-1.688401
-3.150546
1.388038
0.982708
0.717140
1.139930
-2.365813
2.404528
-2.830148
-2.137959
0.000307
0.002117
-0.004537
-0.003102
0.004897
-0.000853
-0.002133
-0.004506
-0.003169
0.001579

b2:
10
0.056870
0.023064
-0.016164
0.524594
-0.096128
-0.014963
1.087201
-0.185612
-0.730662
0.000029

TransferFcn2:
1

W3:
10
-0.045640
0.030984
0.008292
-0.006569
-0.027791
0.026243
0.133642
-0.012447
1.130152
0.009696

b3:
1
-0.001375

TransferFcn3:
2

mapInput:
0.011366
-0.009868
0.006733
-0.005856
0.006094
-0.004676
0.004101
-0.003625
0.001839
-0.003143
0.002653
-0.001955
0.004425
-0.002916
0.000746
-0.000820
0.005243
-0.002101
0.001892
-0.002151
0.021155
-0.003327
0.003207
-0.006481
0.004864
-0.001893
0.003856
-0.003169
0.003523
-0.004130
0.003577
-0.004470
0.015088
-0.004324
0.003334
-0.002784
0.015499
-0.007108
0.003402
-0.003185
0.002461
-0.001584
0.001398
-0.001193
0.002140
-0.001375
0.003043
-0.002303
0.004277
-0.002880
0.001466
-0.001377
0.004122
-0.003491
0.004692
-0.004197
0.007070
-0.006000
0.009945
-0.009379
0.003335
-0.002693
0.018384
-0.008750

mapOutput:
1.000000
0.000000 
